144 213 586 

693 1497 1500 

480 1164 1278 

573 162 639 

1064 1499 1452 

633 1018 557 

639 833 1420 

564 684 340 

1515 775 187 

1082 650 834 

63 436 489 

1444 1267 886 

59 1378 1027 

287 1127 626 

717 840 1124 

675 816 70 

573 736 1303 

1455 744 855 

100 205 619 

236 1391 1146 

539 666 1208 

706 154 429 

518 896 1087 

1483 1386 272 

588 901 929 

566 250 1479 

203 370 465 

1100 519 286 

1277 215 1484 

646 109 427 

85 1246 892 

1192 835 1208 

325 109 871 

244 286 244 

1051 649 1024 

1355 736 467 

1446 480 292 

321 1092 498 

1096 767 1107 

641 375 654 

732 848 1055 

606 1221 662 

907 1255 560 

873 1498 1217 

846 331 1190 

885 79 926 

439 592 950 

888 590 716 

1222 594 405 

743 1445 52 

1456 54 326 

370 1183 559 

1287 1072 1031 

1455 679 852 

688 756 1050 

794 1417 1454 

1423 818 283 

139 1156 1223 

472 1178 514 

1369 118 657 

610 680 1341 

443 1449 382 

746 920 951 

1476 931 153 

862 378 987 

716 864 257 

841 1455 1123 

1056 914 498 

1244 1360 1259 

129 1199 1525 

245 1000 1498 

1200 498 239 

1437 1470 625 

593 662 382 

1442 85 547 

584 1233 1458 

1178 743 1227 

1029 807 339 

55 1080 400 

399 1112 188 

1191 477 1129 

714 357 1078 

1022 256 361 

598 156 110 

1505 1002 315 

412 92 1269 

1234 992 1270 

1265 124 1490 

160 728 83 

1139 222 670 

229 1226 928 

97 302 114 

1257 1017 1132 

874 1427 364 

65 115 1011 

961 523 1303 

1224 1038 337 

1261 319 1074 

673 540 1543 

1377 1339 1493 

507 939 896 

437 96 1487 

233 1238 696 

819 1407 583 

1377 564 1462 

254 849 1357 

1096 352 1493 

1403 852 1438 

1298 1059 151 

234 1515 1230 

1272 420 618 

699 1143 1332 

599 1213 1152 

960 879 1186 

224 358 190 

1048 82 1546 

1138 580 137 

401 908 547 

471 612 1251 

637 829 1519 

208 815 1368 

230 869 117 

196 923 532 

199 1133 759 

1525 563 558 

889 435 464 

1112 195 1383 

1233 513 1261 

1237 1426 729 

625 308 1393 

123 1060 898 

1364 1129 364 

518 236 1191 

1124 1307 57 

1110 390 1326 

270 1087 1102 

645 1337 706 

1153 472 339 

1079 531 1351 

1094 943 590 

1434 1363 170 

983 1483 1516 

786 432 1211 

1232 1370 166 

784 634 929 

828 639 1348 

1348 669 267 

793 869 639 

1240 1409 1358 

1440 1072 415 

1109 434 1098 

230 466 375 

1022 606 392 

453 1449 1175 

1279 330 976 

916 1447 1184 

953 176 122 

1461 1279 556 

312 922 665 

649 198 1149 

1504 678 500 

1548 137 1479 

1122 703 1444 

423 1122 93 

896 1479 63 

1122 1388 1228 

1370 805 401 

203 1214 1098 

230 900 449 

397 816 476 

1485 1439 429 

404 1334 1290 

1042 1167 1078 

452 1198 656 

153 1393 1229 

1113 507 556 

426 1340 734 

523 1133 1353 

606 425 704 

405 683 1026 

823 121 953 

1113 796 474 

1222 321 1007 

821 597 706 

1182 1027 129 

1182 671 771 

1510 997 534 

1208 1276 1495 

1159 493 1530 

789 877 1218 

726 834 1431 

735 535 1502 

1137 119 687 

637 799 159 

957 1409 1412 

958 723 1155 

1147 222 758 

1335 1355 450 

1267 149 222 

939 846 243 

190 751 1168 

702 768 932 

1248 950 912 

578 700 444 

150 590 1346 

767 139 1411 

291 1349 1169 

1241 1317 480 

1272 1395 1280 

601 567 276 

765 1246 266 

1046 925 535 

976 539 1262 

974 1298 418 

1435 1465 221 

641 1257 772 

205 1442 127 

393 115 269 

802 1245 231 

1379 1539 981 

1516 1341 251 

875 899 790 

1462 1535 740 

962 372 552 

817 100 1541 

56 1222 680 

369 173 874 

448 1170 1276 

339 932 488 

1265 1050 593 

844 874 1381 

1537 881 320 

1543 616 127 

233 769 475 

1346 497 781 

907 1404 362 

735 744 1406 

489 847 635 

1071 869 1031 

1018 285 452 

1013 1349 1460 

620 970 954 

1135 1022 1281 

414 426 570 

728 1371 557 

1039 1067 1002 

622 920 887 

629 700 394 

699 1438 1343 

1133 506 1043 

187 1529 919 

1214 1514 1310 

1028 1171 224 

534 177 1338 

191 55 722 

892 1061 1453 

1289 1116 1393 

719 1377 1063 

111 1374 908 

1126 666 730 

1369 408 1033 

582 1034 311 

523 572 1352 

369 414 93 

1462 246 907 

1365 664 1502 

1454 1327 272 

712 158 847 

1435 152 1139 

165 714 1108 

1026 1386 133 

771 519 1485 

1465 947 1199 

767 461 565 

543 143 88 

966 1172 717 

710 1050 350 

1173 334 377 

552 839 682 

279 1420 532 

511 1503 907 

298 764 1464 

1033 293 1107 

1530 714 1094 

170 1053 1352 

1079 271 1224 

1191 167 277 

413 368 269 

156 115 678 

206 995 1490 

86 1109 1216 

770 1132 1153 

1387 1488 1112 

758 708 557 

625 128 1275 

397 1114 272 

305 1344 368 

1544 442 896 

604 292 267 

441 916 118 

586 720 1170 

580 1256 1255 

159 303 1126 

940 368 1151 

233 1228 125 

469 944 609 

170 1021 644 

1027 232 511 

935 889 862 

747 166 546 

1290 1072 252 

746 516 691 

800 1357 1280 

548 1214 1287 

1480 1157 496 

801 1142 943 

1292 736 451 

630 134 1472 

952 692 1130 

1079 268 1357 

1435 1102 139 

1507 984 1033 

1076 1305 681 

792 1398 777 

284 1041 773 

590 118 67 

1056 1131 1430 

543 1071 742 

1225 1419 161 

1546 465 456 

72 519 960 

1051 222 215 

296 1382 716 

1034 1066 1484 

1468 1075 1502 

1053 623 258 

323 851 476 

1125 199 1386 

127 301 1158 

884 412 134 

1308 919 1027 

1192 1063 715 

1190 653 221 

708 152 242 

899 1318 930 

847 1071 212 

596 153 955 

1218 1351 347 

215 1432 672 

1511 643 1505 

636 578 689 

1399 1445 247 

756 1401 1272 

799 53 995 

1523 284 172 

1039 454 1292 

996 582 1147 

1152 302 72 

121 959 91 

153 307 1230 

1302 215 108 

349 1032 629 

1124 1312 1417 

646 1386 1068 

1180 627 1495 

923 81 557 

1122 1121 255 

1361 192 1082 

857 1375 1196 

986 364 247 

258 344 364 

948 207 590 

585 192 1379 

141 899 1424 

851 787 1003 

1297 737 1451 

372 246 1271 

1381 1062 1387 

1079 1039 256 

995 284 443 

601 1488 197 

978 1116 92 

1262 905 1459 

75 1007 276 

138 781 1526 

1211 560 1153 

886 177 774 

1464 471 582 

680 322 1295 

144 1170 1310 

416 1380 754 

1273 832 919 

1507 972 606 

630 945 187 

69 530 782 

479 1479 563 

1549 1045 1514 

1012 1527 130 

80 1197 176 

1367 736 1293 

646 1462 376 

1512 766 824 

466 806 1446 

1371 178 432 

390 1353 286 

596 683 285 

323 1202 511 

89 776 913 

1388 739 696 

550 1503 1236 

1346 1170 964 

522 785 321 

1044 178 1475 

1209 168 1043 

605 587 908 

95 262 680 

348 391 318 

1512 467 132 

332 1525 923 

1041 105 334 

1481 738 819 

420 994 418 

1549 276 1083 

1467 77 884 

1282 1125 232 

519 244 1536 

741 395 1252 

1232 1006 634 

1537 1443 418 

749 469 879 

351 101 1345 

183 90 1263 

389 1466 1150 

1383 372 701 

1098 1451 1241 

1247 820 1043 

645 978 77 

363 913 665 

582 1157 636 

745 767 489 

459 476 1376 

360 273 435 

619 1472 1536 

1387 1040 319 

1348 414 610 

413 1067 1493 

633 864 1380 

1441 1071 352 

164 303 1504 

195 534 1157 

655 961 722 

1078 412 1356 

1493 343 1548 

1141 1370 888 

744 1386 1159 

882 478 1464 

594 1043 1088 

1155 1505 161 

540 676 1051 

392 397 877 

213 425 1278 

1306 1296 1280 

180 511 707 

602 1042 1286 

890 1466 949 

796 468 1198 

179 184 602 

350 1448 560 

941 501 1509 

967 1005 504 

337 1368 990 

1414 981 482 

1183 1035 782 

66 1331 1311 

111 1176 746 

454 557 1238 

1476 290 399 

137 233 951 

1509 1064 1001 

238 976 131 

880 1279 1298 

97 1449 339 

846 825 1297 

893 1077 70 

1432 1463 1521 

1212 98 174 

916 573 1490 

738 898 1308 

1027 426 1478 

54 344 370 

676 293 884 

1336 1141 592 

162 109 189 

487 891 1247 

1028 170 371 

1251 319 485 

1314 244 640 

798 1249 912 

1367 1285 857 

855 161 560 

938 1003 680 

1367 275 794 

770 1057 1222 

573 300 523 

1278 1346 1540 

356 263 711 

359 859 390 

634 587 231 

893 873 916 

192 584 1382 

940 515 1125 

76 676 1070 

69 1392 701 

1184 1238 1085 

971 564 1197 

1143 502 465 

1437 676 1301 

1469 1320 436 

108 1258 817 

1479 1376 1400 

763 460 1283 

1234 198 1460 

1025 120 130 

62 871 182 

436 1258 1399 

1259 456 1143 

852 493 959 

1422 652 1334 

57 699 776 

911 230 1348 

439 286 1326 

533 422 1348 

1264 1214 253 

360 1109 207 

520 985 328 

800 325 666 

755 141 388 

1348 943 1035 

1280 1413 769 

158 295 1169 

313 1161 590 

775 756 609 

1171 1138 266 

1494 818 1369 

169 863 141 

759 185 103 

1292 360 175 

621 362 1428 

605 901 1089 

719 102 253 

940 340 1319 

183 370 1433 

750 821 693 

429 1506 798 

502 308 1195 

704 526 1114 

739 516 1319 

1049 839 1038 

56 104 1486 

1092 1250 531 

824 741 655 

1318 1435 1536 

261 371 211 

1016 337 77 

1338 1316 1127 

421 1224 1091 

760 1181 991 

892 1257 705 

657 450 366 

103 292 808 

296 1407 166 

1010 121 366 

162 435 1401 

1393 1038 1128 

1418 774 926 

1453 1545 1186 

534 510 1541 

98 511 889 

477 520 1320 

1014 1033 1333 

775 696 1396 

621 344 1253 

305 543 1244 

102 1489 549 

1033 182 670 

1542 1496 1503 

1088 151 858 

401 1476 309 

1283 1221 282 

1201 415 619 

127 690 220 

1083 956 91 

556 874 67 

366 1222 340 

1317 263 1353 

700 1154 692 

60 791 541 

1002 100 1198 

386 238 1200 

1330 129 1104 

874 201 120 

800 585 1129 

825 385 1414 

142 1490 263 

259 237 933 

1211 805 751 

901 290 925 

888 379 800 

1062 1140 517 

405 842 842 

355 346 1398 

482 1434 1065 

354 142 431 

1527 605 374 

1415 156 544 

1543 337 659 

1543 393 1270 

1540 555 186 

269 1004 1135 

908 911 387 

1354 568 534 

593 1546 79 

576 140 1113 

1254 159 138 

983 137 904 

968 297 1239 

1183 682 1000 

369 1145 575 

1350 756 1364 

477 869 1161 

1521 776 1301 

405 387 124 

882 990 1250 

1146 504 119 

958 1325 1141 

1055 744 496 

814 245 1137 

617 689 659 

1247 1058 920 

704 679 1541 

440 1253 1507 

1052 1057 429 

1413 413 1343 

938 1152 1016 

124 455 582 

1290 94 663 

516 1272 1497 

945 498 1445 

786 449 599 

392 1097 794 

1427 1095 1308 

293 1343 460 

1428 269 1238 

592 329 993 

748 652 1525 

1122 389 980 

517 619 579 

1423 773 1109 

763 811 1192 

246 99 57 

159 501 1154 

428 920 152 

593 1527 1461 

482 1384 1542 

444 1363 639 

1261 808 1184 

288 1425 894 

1298 745 1196 

1235 1269 1364 

1166 1170 729 

120 348 604 

935 501 1468 

750 531 1040 

214 679 380 

1177 223 406 

472 351 195 

938 1419 715 

883 197 1318 

1030 437 257 

1225 1276 339 

1400 316 1251 

1515 1005 1106 

1538 1012 1471 

423 1234 139 

1392 278 1279 

1195 302 358 

192 326 815 

1421 517 448 

58 1549 1488 

344 763 1509 

1513 818 404 

1390 284 1401 

1041 159 388 

653 328 899 

662 1210 555 

293 342 211 

331 444 1027 

64 1025 947 

1548 99 1420 

252 493 444 

368 998 491 

1350 104 964 

627 479 904 

508 638 1342 

1239 523 1416 

1387 1207 578 

247 423 377 

889 189 1317 

1084 507 57 

1399 309 267 

95 379 936 

670 275 1137 

1180 1025 160 

998 1072 1393 

650 122 429 

369 1007 730 

732 687 574 

782 373 995 

799 472 537 

481 1250 1335 

1037 513 619 

1395 361 1038 

757 903 1545 

790 598 789 

1106 903 444 

1364 782 56 

1393 789 763 

389 806 1378 

1417 1413 1467 

627 438 1114 

1305 55 795 

353 350 326 

1085 1314 599 

1354 210 855 

214 335 283 

969 739 70 

579 268 1270 

1039 1249 220 

1323 1416 1116 

471 1525 792 

972 1201 1197 

126 668 745 

455 424 251 

413 1012 1170 

69 65 1358 

273 410 1349 

432 1137 1478 

413 1329 675 

456 566 1060 

805 1107 1001 

1456 741 1193 

140 1228 387 

1496 1241 924 

889 831 121 

1340 552 461 

142 970 1384 

591 86 408 

971 777 843 

211 1324 1280 

657 1019 1136 

401 334 489 

1102 1482 803 

915 926 524 

1301 431 777 

1051 1494 1156 

1024 1232 703 

855 1033 831 

1392 960 881 

751 54 560 

1175 942 345 

387 248 1299 

573 590 85 

950 1307 1067 

120 1215 608 

248 818 474 

1187 656 944 

1304 113 1357 

1532 1243 911 

829 320 1055 

1522 1125 1319 

720 1433 1007 

1292 1340 651 

268 1282 221 

1102 743 918 

1547 543 1500 

1071 214 591 

1470 1015 1391 

1348 582 702 

908 217 1381 

339 843 466 

988 1275 1485 

138 204 970 

1364 465 237 

411 759 995 

225 1154 1095 

285 836 538 

1066 983 1486 

184 181 231 

1012 784 822 

671 880 1259 

246 1263 725 

1006 474 919 

977 161 402 

566 94 194 

1341 596 150 

1291 958 396 

161 1488 1490 

487 996 563 

508 803 1200 

279 448 489 

339 383 804 

555 1014 910 

54 182 784 

843 395 1370 

50 1068 758 

1011 1395 346 

792 1177 1009 

1241 728 1331 

823 957 482 

682 1448 1146 

562 319 105 

1273 878 985 

1295 1521 898 

1490 1472 1046 

250 1407 210 

212 90 388 

876 600 454 

1068 1234 200 

847 1495 302 

603 125 947 

1143 1346 937 

1328 1413 1175 

739 561 1530 

1109 325 303 

639 245 496 

732 521 388 

1268 1424 937 

645 1523 994 

1313 1123 284 

955 923 253 

1442 731 320 

387 611 112 

648 1168 494 

1531 196 521 

1522 197 1155 

493 1114 1405 

441 338 111 

955 892 1110 

138 1158 957 

76 418 372 

631 1047 1195 

1332 456 412 

1454 1002 936 

340 571 1030 

1258 472 758 

1188 790 572 

1048 982 568 

561 1198 485 

1288 674 409 

243 808 261 

1034 337 812 

685 1284 814 

1006 1016 1419 

1447 995 205 

998 844 464 

1320 1031 462 

384 1107 1140 

1426 478 347 

670 56 331 

789 973 1161 

845 594 102 

736 284 827 

637 1281 1231 

817 351 1191 

937 128 878 

1473 462 704 

1126 1216 495 

548 1279 1018 

261 884 1306 

1516 1021 737 

361 524 1497 

1246 371 641 

319 1336 1201 

205 1390 1029 

810 81 522 

1297 1496 173 

571 88 592 

826 452 535 

1400 663 613 

791 1467 540 

821 136 1094 

633 239 431 

317 421 712 

160 1219 483 

91 498 1248 

1337 102 1146 

521 469 120 

1082 266 709 

577 1416 1528 

1090 978 756 

468 1311 496 

1230 506 92 

137 823 623 

360 1282 1183 

1459 436 796 

54 714 839 

1175 898 561 

1258 1281 1477 

957 902 1227 

106 1350 132 

974 693 131 

181 1094 822 

846 998 520 

1322 585 562 

948 78 129 

1003 187 778 

1246 1054 1137 

552 150 1425 

385 176 386 

699 1522 1038 

1430 441 188 

612 1082 958 

1073 938 1302 

579 640 725 

314 519 518 

1084 953 104 

109 1437 976 

1478 1354 265 

1249 733 989 

1011 729 1281 

720 1542 1427 

1478 909 707 

1142 223 1301 

1008 1362 1470 

104 1195 1155 

879 401 632 

1301 235 305 

1010 133 443 

726 340 1508 

818 1166 1510 

886 1433 1078 

513 1394 360 

1473 169 821 

351 1468 1276 

965 1007 1365 

703 737 108 

235 449 382 

242 445 247 

1478 348 1037 

148 1086 605 

723 1292 1403 

961 968 795 

128 642 315 

136 811 406 

1385 1195 1339 

1300 559 1055 

1509 252 497 

1018 64 371 

128 291 400 

1493 985 865 

1029 398 1068 

262 101 662 

682 611 556 

1513 1386 74 

1462 321 1283 

1228 184 1010 

52 1165 1093 

937 1229 1290 

414 342 1264 

596 1272 1159 

1522 922 683 

506 799 618 

967 482 1422 

1431 1324 835 

636 604 354 

985 988 1108 

1344 998 585 

1321 158 481 

1090 554 1279 

615 809 822 

232 1034 502 

225 1192 1446 

968 1167 95 

364 1402 852 

153 1311 463 

243 66 394 

167 864 1200 

680 1462 1032 

790 905 1274 

585 1428 710 

252 124 1416 

249 469 178 

789 1204 502 

1485 1407 1058 

1008 750 698 

109 303 945 

1482 394 186 

754 1306 1529 

1149 743 365 

1274 641 1105 

